100110001
101110000
100110010
101110001
100110000
100010010
100000001
011110010
100010011
100110001
100010100
011000011
101000100
000100000
100000000
011100010
010100101
100010101
000000001
101100110
100100000
100111000
010110010
100010111
100000000
011110111
010100110
100010110
101100010
100100000
100111000
101000010
001000010
100000101
100010000
100000110
100010001
100100000
100110011
101110010
100110000
100010011
100000010
011110011
100010100
100110001
100100000
100010101
011000100
101000101
000100011
100000000
011100011
010100110
100010110
000000001
101100111
100100000
100111000
010110011
100011000
100000000
011111000
010100111
100010111
100000001
011100011
010100111
100010111
101100011
100100000
100111000
101000011
001000100
100100000
100110100
110000111
100100101
110000110
010000000
